Macul,5,-33.47378520000001,-33.475687,-33.47104,-70.5903294,-70.606308,-70.577044
Renca,17,-33.41399788235294,-33.417236,-33.410597,-70.69332852941177,-70.738008,-70.67935
Maipú,50,-33.47177766,-33.476954,-33.458349,-70.73153171999999,-70.73985,-70.722875
comuna,1,,,,,,
Ñuñoa,550,-33.45657146181814,-33.474286,-33.434289,-70.60247524545453,-70.631086,-70.570887
La Reina,44,-33.44680188636362,-33.457166,-33.43036,-70.56899261363634,-70.581443,-70.550721
Lo Prado,44,-33.449322681818174,-33.457814,-33.437258,-70.72339559090909,-70.740455,-70.70581
Pudahuel,2,-33.460747,-33.468024,-33.45347,-70.7401255,-70.743438,-70.736813
Recoleta,152,-33.42721963815789,-33.435524,-33.40552,-70.64339774342098,-70.652484,-70.635406
Santiago,1113,-33.447677762803245,-33.477423,-33.427433,-70.6544122866128,-70.691768,-70.600322
Cerrillos,2,-33.476663,-33.476894,-33.476432,-70.719225,-70.719931,-70.718519
Las Condes,151,-33.415178860927135,-33.431033,-33.407097,-70.58828139735098,-70.606556,-70.553409
San Miguel,5,-33.4774308,-33.477756,-33.476484,-70.6474868,-70.648197,-70.646433
Cerro Navia,41,-33.42874875609756,-33.436904,-33.413379,-70.72583258536585,-70.737457,-70.720262
Peñalolén,14,-33.466674714285716,-33.473398,-33.459227,-70.56678942857143,-70.576682,-70.550664
Providencia,734,-33.42963361580385,-33.449709,-33.413164,-70.61503830108991,-70.635614,-70.583096
San Joaquín,7,-33.47502514285715,-33.477347,-33.473416,-70.62959228571428,-70.64178,-70.625794
Independencia,158,-33.42084297468355,-33.43179,-33.405924,-70.66010084177212,-70.678902,-70.650769
Quinta Normal,159,-33.43067355974844,-33.445449,-33.411701,-70.69657644654082,-70.721885,-70.680473
Estación Central,393,-33.45799332824428,-33.476489,-33.448898,-70.6951000178117,-70.73141,-70.679413
Pedro Aguirre Cerda,13,-33.476654153846155,-33.477403,-33.476348,-70.66067515384616,-70.66173,-70.65759
